49 113 149 81
57 104 185 126
59 147 179 129
38 75 110 67
====================
111 70 146 86
76 88 179 82
159 75 194 136
166 79 195 140
====================
52 70 130 104
164 170 230 107
14 17 76 35
102 133 194 79
====================
120 240 100 168
33 62 21 44
96 180 73 92
38 100 74 65
====================
140 139 108 60
130 132 105 39
103 75 78 63
32 4 18 21
====================
93 106 122 48
22 56 53 13
111 116 109 77
76 153 152 39
====================
137 203 154 136
110 150 91 119
124 188 134 149
170 215 152 183
====================
105 76 111 77
104 93 43 32
104 63 142 63
106 109 64 55
====================
106 64 54 97
129 88 72 109
48 17 27 78
63 42 42 77
====================
125 115 118 148
71 131 67 102
140 146 164 103
119 209 125 135
====================
78 71 23 95
101 105 23 145
71 129 57 140
30 90 75 55
====================
176 153 172 119
86 65 131 41
50 35 72 21
104 93 48 85
====================
33 38 38 27
48 95 113 41
95 106 122 75
110 104 134 80
====================
221 119 162 114
136 55 96 45
173 122 147 108
176 84 125 94
====================
96 107 105 48
76 104 106 36
59 117 104 11
116 209 188 52
====================
96 81 35 94
172 150 110 95
198 181 91 140
88 78 58 39
====================
45 84 117 116
36 56 80 68
70 123 117 146
25 60 58 84
====================
100 116 56 96
106 195 102 162
77 167 91 146
96 151 75 130
====================
119 64 33 144
146 110 32 126
147 113 38 142
154 130 35 126
====================
79 50 93 81
115 57 51 34
69 12 75 113
61 41 53 40
====================
124 106 144 168
75 34 80 49
82 60 35 52
145 126 141 172
====================
78 36 104 68
55 46 71 57
57 39 44 56
71 51 119 76
====================
138 44 186 157
153 52 225 176
68 24 146 98
16 28 37 15
====================
36 11 56 55
22 33 112 60
66 22 64 60
80 15 48 55
====================
93 34 96 86
27 13 92 67
40 6 48 60
74 33 107 59
====================
106 114 46 59
76 40 84 54
157 127 107 104
118 78 122 95
====================
69 60 50 89
31 26 44 33
129 99 126 141
126 104 163 121
====================
96 108 179 161
87 93 171 141
118 88 168 146
71 69 146 115
====================
109 57 68 48
93 67 75 48
130 100 123 46
42 24 105 57
====================
120 250 138 130
82 102 61 62
80 148 94 108
73 169 100 117
====================
76 27 40 69
183 61 90 152
28 16 8 28
55 35 16 52
====================
81 132 60 129
118 161 61 170
119 119 104 132
46 87 28 79
====================
36 18 61 33
46 76 71 43
34 58 39 25
28 34 33 37
====================
36 112 86 73
21 26 38 59
70 164 127 126
66 172 129 106
====================
109 59 156 86
50 51 94 77
70 15 84 35
105 75 172 114
====================
114 174 52 98
113 203 49 159
50 110 23 89
165 180 65 115
====================
71 56 42 37
174 148 70 132
157 108 67 100
171 72 45 108
====================
111 141 55 82
154 231 128 126
75 102 45 62
176 213 80 114
====================
73 46 95 31
94 55 110 41
49 39 66 24
133 83 136 50
====================
154 146 48 44
148 127 87 110
136 160 74 55
163 115 88 84
====================
129 106 77 124
164 153 112 176
98 111 65 128
111 87 75 106
====================
54 78 57 30
108 59 116 107
132 97 137 105
99 48 109 64
====================
214 146 83 62
132 92 30 16
158 108 53 40
150 115 56 43
====================
90 63 79 86
114 94 64 97
96 86 119 122
66 57 40 56
====================
151 171 125 68
166 160 122 61
67 106 97 48
88 140 152 66
====================
69 139 139 142
75 42 81 36
91 81 118 80
33 84 78 93
====================
122 53 135 157
122 88 96 130
87 46 113 130
70 58 68 90
====================
